image_from_videos/1616941914_1190.jpg 0.57 0.24 0.00 0.68 0.43 1.00 0.52 0.53 1.00 0.46 0.65 2.00
image_from_videos/1616941914_11585.jpg 0.32 0.70 0.00 0.68 0.44 1.00 0.62 0.40 1.00 0.54 0.56 2.00
image_from_videos/1615712329_250.jpg 0.85 0.48 0.00 0.34 0.51 1.00 0.59 0.89 2.00
image_from_videos/1616941804_2910.jpg 0.17 0.51 0.00 0.62 0.36 1.00 0.65 0.27 1.00 0.47 0.62 2.00
image_from_videos/1616941914_29135.jpg 0.46 0.37 0.00 0.20 0.30 0.00 0.35 0.59 1.00 0.19 0.76 1.00 0.48 0.76 2.00 0.06 0.57 2.00
image_from_videos/1616941804_670.jpg 0.56 0.52 0.00 0.66 0.69 1.00 0.55 0.78 2.00
image_from_videos/1615712002_1425.jpg 0.25 0.47 0.00 0.61 0.49 1.00 0.40 0.70 2.00 0.82 0.33 0.00
image_from_videos/1616941914_11600.jpg 0.38 0.33 0.00 0.69 0.45 1.00 0.63 0.40 1.00 0.56 0.56 2.00
image_from_videos/1616941914_165.jpg 0.29 0.45 0.00 0.69 0.45 1.00 0.52 0.74 2.00
image_from_videos/1616941804_10605.jpg 0.49 0.36 0.00 0.66 0.66 1.00 0.51 0.74 1.00 0.46 0.75 2.00
image_from_videos/1616941914_660.jpg 0.36 0.37 0.00 0.69 0.44 1.00 0.56 0.70 2.00
image_from_videos/1616941914_12720.jpg 0.54 0.27 0.00 0.43 0.59 1.00 0.36 0.55 1.00 0.54 0.73 2.00
image_from_videos/1616941914_5615.jpg 0.25 0.54 0.00 0.69 0.41 1.00 0.55 0.58 2.00
image_from_videos/1616941914_29510.jpg 0.80 0.76 0.00 0.20 0.29 0.00 0.36 0.62 1.00 0.04 0.60 2.00 0.51 0.77 2.00 0.18 0.79 1.00
image_from_videos/1616941914_5835.jpg 0.51 0.18 0.00 0.71 0.38 1.00 0.56 0.56 2.00
image_from_videos/1616941804_4350.jpg 0.22 0.82 0.00 0.69 0.70 1.00 0.47 0.89 2.00
image_from_videos/1616941914_18695.jpg 0.60 0.27 0.00 0.43 0.58 1.00 0.58 0.69 1.00 0.63 0.68 2.00
image_from_videos/1616941804_2230.jpg 0.49 0.44 0.00 0.65 0.66 1.00 0.52 0.76 2.00
image_from_videos/1616941914_11375.jpg 0.68 0.35 0.00 0.31 0.68 1.00 0.29 0.63 1.00 0.53 0.76 2.00
image_from_videos/1616941804_5250.jpg 0.33 0.51 0.00 0.60 0.62 1.00 0.46 0.80 2.00
image_from_videos/1616941914_435.jpg 0.37 0.33 0.00 0.69 0.44 1.00 0.53 0.72 2.00
image_from_videos/1616941804_13845.jpg 0.39 0.11 0.00 0.75 0.31 1.00 0.74 0.20 1.00 0.57 0.48 2.00
image_from_videos/1615712002_750.jpg 0.26 0.55 0.00 0.71 0.41 1.00 0.53 0.60 2.00
image_from_videos/1616941914_12500.jpg 0.55 0.26 0.00 0.42 0.58 1.00 0.35 0.57 1.00 0.54 0.72 2.00
image_from_videos/1616941804_8675.jpg 0.53 0.39 0.00 0.65 0.61 1.00 0.65 0.55 1.00 0.54 0.79 2.00
image_from_videos/1616941914_5920.jpg 0.65 0.14 0.00 0.71 0.36 1.00 0.58 0.56 2.00
image_from_videos/1616941914_11595.jpg 0.34 0.49 0.00 0.69 0.46 1.00 0.63 0.39 1.00 0.54 0.57 2.00
image_from_videos/1616941804_2725.jpg 0.57 0.45 0.00 0.65 0.65 1.00 0.53 0.77 2.00
image_from_videos/1616941914_530.jpg 0.28 0.46 0.00 0.69 0.44 1.00 0.65 0.39 1.00 0.53 0.72 2.00
image_from_videos/1616941914_13620.jpg 0.28 0.54 0.00 0.77 0.45 1.00 0.70 0.42 1.00 0.58 0.86 2.00
image_from_videos/1616941914_30125.jpg 0.28 0.68 0.00 0.46 0.51 1.00 0.46 0.72 2.00
image_from_videos/1615712321_175.jpg 0.53 0.41 0.00 0.18 0.35 0.00 0.45 0.58 1.00 0.15 0.80 1.00 0.54 0.81 2.00 0.08 0.68 2.00
image_from_videos/1616941914_18485.jpg 0.68 0.24 0.00 0.08 0.45 1.00 0.37 0.88 2.00
image_from_videos/1616941804_9895.jpg 0.39 0.48 0.00 0.65 0.62 1.00 0.62 0.55 1.00 0.52 0.77 2.00
image_from_videos/1616941914_13835.jpg 0.50 0.16 0.00 0.80 0.59 1.00 0.68 0.52 1.00 0.54 0.80 2.00
image_from_videos/1616941914_11775.jpg 0.25 0.49 0.00 0.70 0.36 1.00 0.66 0.20 1.00 0.54 0.56 2.00
image_from_videos/1616941804_11050.jpg 0.72 0.48 0.00 0.34 0.48 1.00 0.47 0.63 2.00
image_from_videos/1616941804_1195.jpg 0.39 0.56 0.00 0.64 0.69 1.00 0.51 0.81 2.00
image_from_videos/1615712329_800.jpg 0.94 0.56 0.00 0.37 0.62 1.00 0.62 0.93 2.00
image_from_videos/1615712321_100.jpg 0.72 0.50 0.00 0.19 0.34 0.00 0.44 0.56 1.00 0.14 0.80 1.00 0.53 0.79 2.00 0.08 0.70 2.00
image_from_videos/1616941914_9785.jpg 0.78 0.78 0.00 0.42 0.39 1.00 0.41 0.64 2.00
image_from_videos/1616941914_11505.jpg 0.54 0.10 0.00 0.69 0.44 1.00 0.64 0.38 1.00 0.57 0.52 2.00
image_from_videos/1616941914_11465.jpg 0.34 0.59 0.00 0.69 0.44 1.00 0.63 0.38 1.00 0.55 0.56 2.00
image_from_videos/1616941804_890.jpg 0.30 0.81 0.00 0.63 0.72 1.00 0.49 0.84 2.00
image_from_videos/1616941914_3215.jpg 0.58 0.22 0.00 0.42 0.67 1.00 0.42 0.57 1.00 0.57 0.77 2.00
image_from_videos/1616941914_14425.jpg 0.54 0.13 0.00 0.80 0.92 1.00 0.28 0.92 1.00 0.43 0.78 2.00
image_from_videos/1616941804_12725.jpg 0.74 0.59 0.00 0.32 0.44 1.00 0.45 0.64 2.00
image_from_videos/1616941914_3395.jpg 0.84 0.49 0.00 0.45 0.46 1.00 0.58 0.66 2.00
image_from_videos/1616941914_8570.jpg 0.45 0.53 0.00 0.68 0.62 1.00 0.56 0.81 2.00
image_from_videos/1616941914_14330.jpg 0.57 0.16 0.00 0.77 0.68 1.00 0.72 0.47 1.00 0.55 0.84 2.00
image_from_videos/1616941804_10915.jpg 0.68 0.36 0.00 0.57 0.49 1.00 0.52 0.48 1.00 0.64 0.57 2.00
image_from_videos/1616941804_2100.jpg 0.31 0.76 0.00 0.64 0.67 1.00 0.48 0.81 2.00
image_from_videos/1616941804_9580.jpg 0.31 0.64 0.00 0.60 0.58 1.00 0.59 0.52 1.00 0.50 0.77 2.00
image_from_videos/1616941804_10645.jpg 0.49 0.37 0.00 0.66 0.65 1.00 0.53 0.75 1.00 0.46 0.74 2.00
image_from_videos/1616941804_8585.jpg 0.41 0.48 0.00 0.62 0.59 1.00 0.61 0.52 1.00 0.52 0.79 2.00
image_from_videos/1616941914_11900.jpg 0.53 0.25 0.00 0.68 0.41 1.00 0.65 0.31 1.00 0.57 0.64 2.00
image_from_videos/1616941804_12230.jpg 0.38 0.26 0.00 0.30 0.44 1.00 0.41 0.61 2.00
image_from_videos/1616941804_3410.jpg 0.18 0.43 0.00 0.59 0.40 1.00 0.62 0.29 1.00 0.45 0.64 2.00
image_from_videos/1616941804_3100.jpg 0.31 0.27 0.00 0.63 0.40 1.00 0.65 0.32 1.00 0.49 0.70 2.00
image_from_videos/1616941804_13760.jpg 0.29 0.36 0.00 0.74 0.30 1.00 0.72 0.18 1.00 0.57 0.47 2.00
image_from_videos/1616941914_8350.jpg 0.31 0.43 0.00 0.60 0.52 1.00 0.67 0.48 1.00 0.47 0.75 2.00
image_from_videos/1615712321_25.jpg 0.72 0.59 0.00 0.20 0.34 0.00 0.44 0.56 1.00 0.14 0.80 1.00 0.07 0.68 2.00 0.53 0.78 2.00
image_from_videos/1616941914_30530.jpg 0.30 0.72 0.00 0.53 0.60 1.00 0.58 0.68 1.00 0.48 0.73 2.00
image_from_videos/1616941804_205.jpg 0.46 0.44 0.00 0.59 0.58 1.00 0.52 0.66 2.00
image_from_videos/1616941804_9525.jpg 0.31 0.62 0.00 0.59 0.59 1.00 0.58 0.52 1.00 0.49 0.78 2.00
image_from_videos/1616941804_2605.jpg 0.33 0.70 0.00 0.64 0.67 1.00 0.51 0.81 2.00
image_from_videos/1616941914_470.jpg 0.46 0.28 0.00 0.69 0.43 1.00 0.66 0.38 1.00 0.53 0.70 2.00
image_from_videos/1616941914_29810.jpg 0.35 0.49 0.00 0.53 0.66 1.00 0.43 0.73 2.00
image_from_videos/1616941914_21315.jpg 0.70 0.46 0.00 0.46 0.57 1.00 0.25 0.38 1.00 0.59 0.74 2.00 0.34 0.50 2.00
image_from_videos/1616941914_13625.jpg 0.18 0.72 0.00 0.76 0.46 1.00 0.69 0.43 1.00 0.58 0.84 2.00
image_from_videos/1616941804_12445.jpg 0.68 0.47 0.00 0.33 0.45 1.00 0.42 0.60 2.00
image_from_videos/1616941804_6865.jpg 0.27 0.76 0.00 0.63 0.60 1.00 0.61 0.52 1.00 0.54 0.77 2.00
image_from_videos/1616941804_5470.jpg 0.57 0.35 0.00 0.68 0.60 1.00 0.56 0.75 2.00
image_from_videos/1616941804_11860.jpg 0.56 0.32 0.00 0.31 0.41 1.00 0.40 0.61 2.00
image_from_videos/1616941804_5745.jpg 0.50 0.37 0.00 0.64 0.65 1.00 0.51 0.77 2.00
image_from_videos/1616941914_12935.jpg 0.21 0.56 0.00 0.83 0.81 1.00 0.55 0.85 2.00
image_from_videos/1616941914_12490.jpg 0.57 0.34 0.00 0.43 0.60 1.00 0.37 0.59 1.00 0.55 0.71 2.00
image_from_videos/1616941914_27080.jpg 0.25 0.62 0.00 0.24 0.33 0.00 0.64 0.60 1.00 0.60 0.34 1.00 0.49 0.46 2.00 0.45 0.21 2.00
image_from_videos/1616941914_5520.jpg 0.26 0.54 0.00 0.68 0.43 1.00 0.56 0.57 2.00
image_from_videos/1615711650_3100.jpg 0.57 0.26 0.00 0.39 0.42 1.00 0.38 0.36 1.00 0.49 0.61 2.00
image_from_videos/1616941914_19785.jpg 0.65 0.32 0.00 0.31 0.28 0.00 0.31 0.59 1.00 0.22 0.55 1.00 0.64 0.58 1.00 0.55 0.50 1.00 0.36 0.55 2.00 0.68 0.60 2.00
image_from_videos/1616941804_305.jpg 0.38 0.52 0.00 0.58 0.58 1.00 0.48 0.65 2.00
image_from_videos/1615711872_900.jpg 0.25 0.52 0.00 0.62 0.55 1.00 0.47 0.74 2.00
image_from_videos/1616941804_13345.jpg 0.23 0.45 0.00 0.70 0.33 1.00 0.56 0.52 2.00
image_from_videos/1616941914_29190.jpg 0.63 0.45 0.00 0.21 0.31 0.00 0.37 0.61 1.00 0.20 0.78 1.00 0.49 0.79 2.00 0.06 0.60 2.00
image_from_videos/1616941804_5030.jpg 0.28 0.56 0.00 0.58 0.62 1.00 0.44 0.80 2.00
image_from_videos/1616941804_3730.jpg 0.10 0.55 0.00 0.57 0.35 1.00 0.60 0.27 1.00 0.41 0.60 2.00
image_from_videos/1616941804_5255.jpg 0.38 0.44 0.00 0.60 0.63 1.00 0.48 0.80 2.00
image_from_videos/1616941914_31845.jpg 0.33 0.44 0.00 0.53 0.66 1.00 0.42 0.74 2.00
image_from_videos/1616941914_12305.jpg 0.50 0.28 0.00 0.65 0.48 1.00 0.49 0.69 2.00
image_from_videos/1616941914_17270.jpg 0.76 0.43 0.00 0.56 0.52 1.00 0.51 0.49 1.00 0.66 0.67 2.00
image_from_videos/1616941914_8940.jpg 0.23 0.67 0.00 0.59 0.53 1.00 0.67 0.49 1.00 0.47 0.78 2.00
image_from_videos/1616941914_28415.jpg 0.77 0.69 0.00 0.34 0.58 1.00 0.49 0.74 2.00
image_from_videos/1616941914_17360.jpg 0.77 0.47 0.00 0.56 0.52 1.00 0.51 0.48 1.00 0.66 0.67 2.00
image_from_videos/1616941804_6285.jpg 0.52 0.39 0.00 0.64 0.63 1.00 0.53 0.77 2.00
image_from_videos/1616941804_1795.jpg 0.54 0.48 0.00 0.65 0.68 1.00 0.53 0.79 2.00
image_from_videos/1616941914_13705.jpg 0.39 0.36 0.00 0.74 0.47 1.00 0.60 0.82 2.00
image_from_videos/1616941804_6475.jpg 0.52 0.39 0.00 0.62 0.64 1.00 0.49 0.74 2.00
image_from_videos/1616941804_13940.jpg 0.77 0.18 0.00 0.79 0.38 1.00 0.64 0.52 2.00
image_from_videos/1616941914_12590.jpg 0.58 0.35 0.00 0.45 0.60 1.00 0.36 0.58 1.00 0.56 0.70 2.00
image_from_videos/1615712321_50.jpg 0.63 0.47 0.00 0.18 0.32 0.00 0.43 0.59 1.00 0.14 0.80 1.00 0.07 0.68 2.00 0.54 0.80 2.00
image_from_videos/1616941914_31835.jpg 0.35 0.44 0.00 0.54 0.64 1.00 0.56 0.56 1.00 0.42 0.72 2.00
image_from_videos/1616941914_14645.jpg 0.61 0.25 0.00 0.61 0.56 1.00 0.51 0.68 1.00 0.67 0.60 2.00
image_from_videos/1615712329_975.jpg 0.44 0.42 0.00 0.35 0.64 1.00 0.56 0.95 2.00
image_from_videos/1616941914_13430.jpg 0.23 0.44 0.00 0.78 0.76 1.00 0.51 0.84 2.00
image_from_videos/1615712002_1075.jpg 0.54 0.24 0.00 0.61 0.43 1.00 0.47 0.60 2.00
image_from_videos/1616941914_15740.jpg 0.81 0.59 0.00 0.55 0.54 1.00 0.51 0.50 1.00 0.65 0.66 2.00
image_from_videos/1616941914_8355.jpg 0.40 0.59 0.00 0.67 0.61 1.00 0.56 0.80 2.00
image_from_videos/1616941914_65.jpg 0.55 0.22 0.00 0.68 0.47 1.00 0.65 0.41 1.00 0.52 0.69 2.00
image_from_videos/1616941914_29315.jpg 0.36 0.50 0.00 0.25 0.33 0.00 0.37 0.62 1.00 0.22 0.79 1.00 0.48 0.80 2.00 0.08 0.64 2.00
image_from_videos/1616941914_2585.jpg 0.49 0.14 0.00 0.25 0.45 1.00 0.42 0.62 2.00
image_from_videos/1616941804_5155.jpg 0.56 0.35 0.00 0.67 0.61 1.00 0.56 0.77 2.00
image_from_videos/1616941914_30725.jpg 0.29 0.79 0.00 0.52 0.49 1.00 0.63 0.61 1.00 0.52 0.68 2.00
image_from_videos/1616941914_11680.jpg 0.33 0.56 0.00 0.68 0.49 1.00 0.62 0.44 1.00 0.56 0.58 2.00
image_from_videos/1616941914_475.jpg 0.60 0.28 0.00 0.69 0.43 1.00 0.55 0.72 2.00
image_from_videos/1615712321_0.jpg 0.82 0.71 0.00 0.21 0.33 0.00 0.44 0.60 1.00 0.14 0.83 1.00 0.54 0.79 2.00 0.06 0.68 2.00
image_from_videos/1615712002_1925.jpg 0.24 0.58 0.00 0.56 0.52 1.00 0.44 0.66 2.00
image_from_videos/1615711650_3025.jpg 0.61 0.32 0.00 0.39 0.40 1.00 0.39 0.32 1.00 0.49 0.62 2.00
image_from_videos/1616941804_210.jpg 0.51 0.40 0.00 0.59 0.60 1.00 0.53 0.66 2.00
image_from_videos/1616941804_4440.jpg 0.21 0.83 0.00 0.57 0.57 1.00 0.51 0.91 2.00
image_from_videos/1616941804_2290.jpg 0.31 0.75 0.00 0.64 0.68 1.00 0.51 0.82 2.00
image_from_videos/1616941804_6870.jpg 0.28 0.75 0.00 0.63 0.59 1.00 0.60 0.53 1.00 0.54 0.80 2.00
image_from_videos/1616941914_28880.jpg 0.63 0.56 0.00 0.18 0.30 0.00 0.32 0.61 1.00 0.15 0.79 1.00 0.01 0.61 2.00 0.46 0.76 2.00
image_from_videos/1615712002_1050.jpg 0.51 0.32 0.00 0.58 0.46 1.00 0.49 0.58 2.00 0.71 0.34 0.00 0.75 0.64 1.00 0.85 0.50 2.00
image_from_videos/1616941914_8575.jpg 0.45 0.54 0.00 0.68 0.62 1.00 0.56 0.79 2.00
image_from_videos/1616941804_6785.jpg 0.28 0.76 0.00 0.68 0.68 1.00 0.54 0.78 2.00
image_from_videos/1616941804_10825.jpg 0.49 0.36 0.00 0.49 0.73 1.00 0.55 0.68 1.00 0.45 0.71 2.00
image_from_videos/1616941914_18385.jpg 0.87 0.52 0.00 0.03 0.33 1.00 0.36 0.78 2.00
image_from_videos/1616941804_575.jpg 0.54 0.51 0.00 0.67 0.69 1.00 0.56 0.81 2.00
image_from_videos/1616941804_5245.jpg 0.23 0.65 0.00 0.60 0.65 1.00 0.47 0.82 2.00
image_from_videos/1616941914_10195.jpg 0.74 0.69 0.00 0.27 0.63 1.00 0.40 0.53 2.00
image_from_videos/1615712002_1475.jpg 0.48 0.37 0.00 0.72 0.39 0.00 0.51 0.63 2.00 0.85 0.61 2.00 0.76 0.68 1.00
image_from_videos/1616941804_4255.jpg 0.22 0.84 0.00 0.71 0.88 1.00 0.50 0.90 2.00
image_from_videos/1616941914_23655.jpg 0.63 0.31 0.00 0.32 0.28 0.00 0.63 0.50 1.00 0.58 0.48 1.00 0.28 0.48 1.00 0.24 0.47 1.00 0.67 0.60 2.00 0.34 0.57 2.00
image_from_videos/1616941914_11090.jpg 0.69 0.14 0.00 0.18 0.64 1.00 0.48 0.75 2.00
image_from_videos/1616941914_11190.jpg 0.82 0.23 0.00 0.24 0.65 1.00 0.56 0.83 2.00
image_from_videos/1616941914_15325.jpg 0.80 0.52 0.00 0.56 0.55 1.00 0.50 0.50 1.00 0.66 0.66 2.00
image_from_videos/1615711872_325.jpg 0.50 0.30 0.00 0.62 0.52 1.00 0.52 0.74 2.00
image_from_videos/1616941914_13400.jpg 0.14 0.54 0.00 0.78 0.83 1.00 0.51 0.87 2.00
image_from_videos/1616941914_750.jpg 0.53 0.19 0.00 0.70 0.45 1.00 0.57 0.70 2.00
image_from_videos/1615712329_25.jpg 0.89 0.51 0.00 0.34 0.52 1.00 0.58 0.87 2.00
image_from_videos/1616941914_14835.jpg 0.63 0.28 0.00 0.60 0.56 1.00 0.55 0.50 1.00 0.67 0.65 2.00
image_from_videos/1616941804_2195.jpg 0.52 0.43 0.00 0.65 0.68 1.00 0.54 0.78 2.00
image_from_videos/1616941914_12905.jpg 0.15 0.65 0.00 0.82 0.81 1.00 0.55 0.84 2.00
image_from_videos/1616941804_5345.jpg 0.18 0.74 0.00 0.59 0.65 1.00 0.45 0.80 2.00
image_from_videos/1616941804_10735.jpg 0.49 0.35 0.00 0.52 0.74 1.00 0.66 0.65 1.00 0.47 0.74 2.00
image_from_videos/1616941914_13610.jpg 0.55 0.30 0.00 0.80 0.45 1.00 0.74 0.44 1.00 0.65 0.82 2.00
image_from_videos/1616941804_13850.jpg 0.45 0.07 0.00 0.77 0.31 1.00 0.75 0.21 1.00 0.61 0.48 2.00
image_from_videos/1616941914_31435.jpg 0.22 0.50 0.00 0.38 0.40 1.00 0.56 0.41 1.00 0.42 0.59 2.00
image_from_videos/1616941804_12225.jpg 0.41 0.24 0.00 0.31 0.44 1.00 0.42 0.62 2.00
image_from_videos/1616941914_1280.jpg 0.73 0.58 0.00 0.35 0.48 1.00 0.47 0.69 2.00
image_from_videos/1616941804_10925.jpg 0.67 0.36 0.00 0.58 0.51 1.00 0.53 0.49 1.00 0.64 0.58 2.00
image_from_videos/1616941804_4225.jpg 0.21 0.84 0.00 0.57 0.59 1.00 0.47 0.91 2.00
image_from_videos/1616941804_5125.jpg 0.23 0.78 0.00 0.64 0.62 1.00 0.49 0.79 2.00
image_from_videos/1616941804_8580.jpg 0.44 0.47 0.00 0.60 0.57 1.00 0.53 0.79 2.00
image_from_videos/1616941914_3800.jpg 0.86 0.58 0.00 0.41 0.53 1.00 0.58 0.68 2.00
image_from_videos/1616941804_12235.jpg 0.54 0.28 0.00 0.32 0.42 1.00 0.42 0.64 2.00
image_from_videos/1616941914_10695.jpg 0.77 0.76 0.00 0.46 0.56 1.00 0.54 0.79 2.00
image_from_videos/1616941914_11195.jpg 0.75 0.19 0.00 0.21 0.65 1.00 0.55 0.80 2.00
image_from_videos/1616941914_17165.jpg 0.62 0.28 0.00 0.55 0.53 1.00 0.49 0.49 1.00 0.63 0.67 2.00
image_from_videos/1616941804_3130.jpg 0.24 0.37 0.00 0.61 0.43 1.00 0.64 0.35 1.00 0.45 0.65 2.00
image_from_videos/1616941804_1210.jpg 0.51 0.50 0.00 0.65 0.69 1.00 0.54 0.80 2.00
image_from_videos/1616941914_13220.jpg 0.49 0.12 0.00 0.78 0.83 1.00 0.50 0.84 2.00
image_from_videos/1616941914_350.jpg 0.12 0.48 0.00 0.78 0.67 1.00 0.57 0.97 2.00
image_from_videos/1616941804_12145.jpg 0.71 0.52 0.00 0.32 0.44 1.00 0.44 0.61 2.00
image_from_videos/1615711650_3125.jpg 0.48 0.16 0.00 0.34 0.44 1.00 0.34 0.36 1.00 0.49 0.61 2.00
image_from_videos/1616941804_14155.jpg 0.40 0.24 0.00 0.78 0.40 1.00 0.76 0.24 1.00 0.62 0.52 2.00
image_from_videos/1616941804_11105.jpg 0.64 0.35 0.00 0.34 0.47 1.00 0.49 0.63 2.00
image_from_videos/1616941914_11870.jpg 0.23 0.49 0.00 0.75 0.28 1.00 0.67 0.15 1.00 0.55 0.53 2.00
image_from_videos/1615712002_1025.jpg 0.25 0.51 0.00 0.71 0.33 0.00 0.57 0.45 1.00 0.46 0.60 2.00 0.84 0.48 2.00 0.75 0.63 1.00
image_from_videos/1616941804_2235.jpg 0.46 0.47 0.00 0.65 0.66 1.00 0.54 0.76 2.00
image_from_videos/1616941804_11140.jpg 0.47 0.23 0.00 0.32 0.43 1.00 0.44 0.62 2.00
image_from_videos/1616941804_4035.jpg 0.21 0.87 0.00 0.37 0.56 1.00 0.42 0.50 1.00 0.44 0.90 2.00
image_from_videos/1616941914_4525.jpg 0.73 0.27 0.00 0.40 0.55 1.00 0.58 0.72 2.00
image_from_videos/1616941914_12990.jpg 0.59 0.16 0.00 0.84 0.73 1.00 0.83 0.62 1.00 0.56 0.80 2.00
image_from_videos/1616941914_12530.jpg 0.50 0.22 0.00 0.42 0.57 1.00 0.35 0.57 1.00 0.52 0.71 2.00
image_from_videos/1616941914_11370.jpg 0.69 0.40 0.00 0.32 0.69 1.00 0.29 0.64 1.00 0.54 0.75 2.00
image_from_videos/1616941914_12095.jpg 0.37 0.36 0.00 0.64 0.48 1.00 0.61 0.44 1.00 0.49 0.68 2.00
image_from_videos/1616941914_21400.jpg 0.67 0.41 0.00 0.43 0.21 0.00 0.46 0.59 1.00 0.25 0.38 1.00 0.58 0.76 2.00 0.34 0.50 2.00
image_from_videos/1616941914_5830.jpg 0.43 0.23 0.00 0.69 0.40 1.00 0.56 0.56 2.00
image_from_videos/1616941914_2675.jpg 0.47 0.16 0.00 0.26 0.52 1.00 0.46 0.67 2.00
image_from_videos/1616941914_5390.jpg 0.29 0.57 0.00 0.67 0.47 1.00 0.57 0.60 2.00
image_from_videos/1616941914_1160.jpg 0.52 0.20 0.00 0.58 0.54 1.00 0.69 0.47 1.00 0.48 0.68 2.00
image_from_videos/1616941914_11410.jpg 0.74 0.50 0.00 0.25 0.66 1.00 0.48 0.78 2.00
image_from_videos/1615711650_3050.jpg 0.78 0.53 0.00 0.40 0.41 1.00 0.40 0.35 1.00 0.51 0.63 2.00
image_from_videos/1616941804_5380.jpg 0.56 0.39 0.00 0.62 0.64 1.00 0.52 0.80 2.00
image_from_videos/1616941914_29100.jpg 0.61 0.44 0.00 0.36 0.59 1.00 0.18 0.75 1.00 0.21 0.28 0.00 0.49 0.76 2.00 0.05 0.59 2.00
image_from_videos/1615711872_550.jpg 0.16 0.70 0.00 0.62 0.56 1.00 0.49 0.77 2.00
image_from_videos/1616941804_7375.jpg 0.26 0.76 0.00 0.62 0.59 1.00 0.60 0.53 1.00 0.53 0.79 2.00
image_from_videos/1616941804_885.jpg 0.29 0.80 0.00 0.64 0.72 1.00 0.51 0.84 2.00
image_from_videos/1616941914_10280.jpg 0.76 0.70 0.00 0.42 0.74 1.00 0.53 0.62 2.00
image_from_videos/1616941804_610.jpg 0.53 0.48 0.00 0.66 0.69 1.00 0.54 0.80 2.00
image_from_videos/1616941914_7725.jpg 0.24 0.68 0.00 0.60 0.54 1.00 0.68 0.51 1.00 0.49 0.78 2.00
image_from_videos/1616941804_6555.jpg 0.53 0.39 0.00 0.63 0.64 1.00 0.52 0.80 2.00
image_from_videos/1616941914_17260.jpg 0.74 0.44 0.00 0.56 0.54 1.00 0.51 0.49 1.00 0.66 0.67 2.00
image_from_videos/1616941804_12265.jpg 0.51 0.26 0.00 0.31 0.47 1.00 0.42 0.63 2.00
image_from_videos/1615711872_500.jpg 0.31 0.44 0.00 0.62 0.55 1.00 0.48 0.76 2.00
image_from_videos/1616941804_3315.jpg 0.34 0.19 0.00 0.61 0.40 1.00 0.63 0.31 1.00 0.51 0.69 2.00
image_from_videos/1616941914_28190.jpg 0.20 0.39 0.00 0.21 0.17 0.00 0.59 0.64 1.00 0.46 0.51 2.00 0.42 0.32 2.00
image_from_videos/1616941804_10210.jpg 0.56 0.37 0.00 0.49 0.79 1.00 0.70 0.72 1.00 0.54 0.72 2.00
image_from_videos/1615712321_225.jpg 0.80 0.68 0.00 0.20 0.35 0.00 0.45 0.62 1.00 0.14 0.84 1.00 0.09 0.71 2.00 0.54 0.80 2.00
image_from_videos/1616941914_12315.jpg 0.66 0.48 0.00 0.44 0.60 1.00 0.38 0.57 1.00 0.55 0.70 2.00
image_from_videos/1615712329_0.jpg 0.65 0.26 0.00 0.33 0.51 1.00 0.52 0.89 2.00
image_from_videos/1615711650_3000.jpg 0.60 0.30 0.00 0.39 0.39 1.00 0.49 0.60 2.00
image_from_videos/1616941804_2410.jpg 0.52 0.45 0.00 0.65 0.66 1.00 0.53 0.78 2.00
image_from_videos/1616941804_9520.jpg 0.31 0.63 0.00 0.60 0.59 1.00 0.58 0.52 1.00 0.51 0.79 2.00
image_from_videos/1616941914_8225.jpg 0.43 0.55 0.00 0.68 0.62 1.00 0.57 0.78 2.00
image_from_videos/1616941804_7870.jpg 0.33 0.60 0.00 0.62 0.60 1.00 0.60 0.52 1.00 0.53 0.76 2.00
image_from_videos/1616941804_9610.jpg 0.25 0.77 0.00 0.60 0.60 1.00 0.59 0.53 1.00 0.51 0.78 2.00
image_from_videos/1616941804_4840.jpg 0.23 0.34 0.00 0.57 0.61 1.00 0.42 0.71 2.00
image_from_videos/1616941804_8620.jpg 0.47 0.43 0.00 0.61 0.58 1.00 0.53 0.78 2.00
image_from_videos/1616941804_4940.jpg 0.42 0.45 0.00 0.60 0.60 1.00 0.51 0.78 2.00
image_from_videos/1616941804_2735.jpg 0.54 0.45 0.00 0.65 0.68 1.00 0.54 0.76 2.00
image_from_videos/1616941914_29595.jpg 0.39 0.30 0.00 0.51 0.56 1.00 0.56 0.52 1.00 0.43 0.60 2.00
image_from_videos/1616941914_5105.jpg 0.65 0.44 0.00 0.24 0.44 1.00 0.41 0.61 2.00
image_from_videos/1616941804_4755.jpg 0.28 0.30 0.00 0.50 0.52 1.00 0.39 0.76 2.00
image_from_videos/1616941804_5035.jpg 0.37 0.44 0.00 0.59 0.60 1.00 0.50 0.79 2.00
image_from_videos/1615712002_375.jpg 0.31 0.62 0.00 0.63 0.55 1.00 0.52 0.68 2.00
image_from_videos/1616941914_11995.jpg 0.26 0.50 0.00 0.63 0.49 1.00 0.44 0.69 2.00
image_from_videos/1616941804_385.jpg 0.62 0.39 0.00 0.60 0.64 1.00 0.54 0.66 2.00
image_from_videos/1616941914_13395.jpg 0.07 0.73 0.00 0.77 0.86 1.00 0.50 0.86 2.00
image_from_videos/1616941914_9790.jpg 0.78 0.77 0.00 0.42 0.36 1.00 0.41 0.64 2.00
image_from_videos/1616941914_31430.jpg 0.23 0.50 0.00 0.52 0.35 1.00 0.43 0.42 1.00 0.42 0.57 2.00
image_from_videos/1616941914_2995.jpg 0.49 0.24 0.00 0.32 0.60 1.00 0.48 0.74 2.00
image_from_videos/1616941804_4665.jpg 0.29 0.31 0.00 0.47 0.49 1.00 0.39 0.77 2.00
image_from_videos/1616941804_11110.jpg 0.58 0.29 0.00 0.34 0.48 1.00 0.48 0.62 2.00
image_from_videos/1616941914_31715.jpg 0.29 0.47 0.00 0.59 0.50 1.00 0.51 0.57 2.00
image_from_videos/1616941914_18470.jpg 0.82 0.45 0.00 0.03 0.33 1.00 0.35 0.80 2.00
image_from_videos/1616941914_20905.jpg 0.44 0.31 0.00 0.40 0.15 0.00 0.53 0.56 1.00 0.55 0.51 1.00 0.42 0.69 2.00
image_from_videos/1615711872_225.jpg 0.53 0.30 0.00 0.64 0.53 1.00 0.52 0.77 2.00
image_from_videos/1616941914_9155.jpg 0.77 0.76 0.00 0.40 0.79 1.00
image_from_videos/1615711872_525.jpg 0.21 0.59 0.00 0.63 0.54 1.00 0.50 0.77 2.00
image_from_videos/1616941914_31935.jpg 0.34 0.42 0.00 0.53 0.67 1.00 0.56 0.60 1.00 0.45 0.73 2.00
image_from_videos/1616941804_7865.jpg 0.31 0.63 0.00 0.62 0.58 1.00 0.60 0.52 1.00 0.54 0.78 2.00
image_from_videos/1616941804_13855.jpg 0.52 0.03 0.00 0.77 0.29 1.00 0.75 0.19 1.00 0.62 0.45 2.00
image_from_videos/1616941804_6340.jpg 0.50 0.38 0.00 0.62 0.63 1.00 0.50 0.76 2.00
image_from_videos/1616941804_2695.jpg 0.48 0.46 0.00 0.65 0.65 1.00 0.52 0.78 2.00
image_from_videos/1616941914_1150.jpg 0.46 0.22 0.00 0.62 0.53 1.00 0.69 0.44 1.00 0.50 0.68 2.00
image_from_videos/1616941914_15230.jpg 0.60 0.28 0.00 0.55 0.53 1.00 0.48 0.50 1.00 0.62 0.65 2.00
image_from_videos/1616941914_8630.jpg 0.26 0.53 0.00 0.58 0.55 1.00 0.67 0.48 1.00 0.47 0.77 2.00
image_from_videos/1616941804_6970.jpg 0.26 0.76 0.00 0.62 0.59 1.00 0.61 0.52 1.00 0.53 0.78 2.00
image_from_videos/1616941914_155.jpg 0.23 0.58 0.00 0.69 0.45 1.00 0.67 0.40 1.00 0.55 0.67 2.00
image_from_videos/1616941804_4935.jpg 0.34 0.52 0.00 0.60 0.59 1.00 0.48 0.80 2.00
image_from_videos/1616941804_2825.jpg 0.22 0.32 0.00 0.62 0.36 1.00 0.65 0.28 1.00 0.47 0.60 2.00
image_from_pictures/baidu_1026.jpg 0.14 0.44 0.00 0.50 0.77 1.00 0.18 0.85 2.00
image_from_pictures/baidu_1036.jpg 0.74 0.49 0.00 0.43 0.43 1.00 0.49 0.59 2.00
image_from_pictures/baidu_1051.jpg 0.60 0.16 0.00 0.01 0.54 1.00 0.38 0.57 2.00
image_from_pictures/baidu_106.jpg 0.37 0.23 0.00 0.76 0.33 1.00 0.72 0.26 1.00 0.56 0.61 2.00
image_from_pictures/baidu_1072.jpg 0.72 0.28 0.00 0.78 0.49 1.00 0.47 0.54 2.00
image_from_pictures/baidu_1075.jpg 0.29 0.35 0.00 0.55 0.74 1.00 0.35 0.79 2.00
image_from_pictures/baidu_11.jpg 0.12 0.29 0.00 0.71 0.41 1.00 0.37 0.88 2.00
image_from_pictures/baidu_1165.jpg 0.82 0.25 0.00 0.43 0.35 1.00 0.29 0.66 1.00 0.60 0.73 2.00
image_from_pictures/baidu_1168.jpg 0.16 0.57 0.00 0.63 0.48 1.00 0.72 0.45 1.00 0.50 0.73 2.00
image_from_pictures/baidu_12.jpg 0.60 0.23 0.00 0.41 0.65 1.00 0.65 0.82 2.00
image_from_pictures/baidu_123.jpg 0.83 0.48 0.00 0.36 0.52 1.00 0.53 0.84 2.00
image_from_pictures/baidu_129.jpg 0.24 0.68 0.00 0.57 0.43 1.00 0.59 0.73 2.00
image_from_pictures/baidu_133.jpg 0.17 0.34 0.00 0.71 0.44 1.00 0.76 0.37 1.00 0.44 0.81 2.00
image_from_pictures/baidu_136.jpg 0.81 0.67 0.00 0.21 0.40 0.00 0.38 0.56 1.00 0.15 0.76 1.00 0.52 0.70 2.00
image_from_pictures/baidu_137.jpg 0.73 0.23 0.00 0.42 0.45 1.00 0.59 0.80 2.00
image_from_pictures/baidu_14.jpg 0.69 0.35 0.00 0.31 0.51 1.00 0.22 0.51 1.00 0.53 0.60 2.00
image_from_pictures/baidu_146.jpg 0.22 0.56 0.00 0.69 0.49 1.00 0.52 0.75 2.00
image_from_pictures/baidu_154.jpg 0.22 0.60 0.00 0.61 0.53 1.00 0.49 0.76 2.00
image_from_pictures/baidu_158.jpg 0.16 0.21 0.00 0.67 0.34 1.00 0.42 0.71 2.00
image_from_pictures/baidu_173.jpg 0.54 0.47 0.00 0.42 0.64 1.00 0.52 0.84 2.00
image_from_pictures/baidu_18.jpg 0.63 0.44 0.00 0.29 0.62 1.00 0.45 0.84 2.00
image_from_pictures/baidu_181.jpg 0.72 0.45 0.00 0.18 0.65 1.00 0.44 0.76 2.00
image_from_pictures/baidu_2.jpg 0.25 0.52 0.00 0.86 0.42 1.00 0.68 0.72 2.00
image_from_pictures/baidu_203.jpg 0.82 0.61 0.00 0.39 0.43 1.00 0.52 0.86 2.00
image_from_pictures/baidu_208.jpg 0.76 0.42 0.00 0.41 0.67 1.00 0.63 0.84 2.00
image_from_pictures/baidu_21.jpg 0.24 0.29 0.00 0.58 0.42 0.00 0.34 0.69 1.00 0.19 0.84 1.00 0.45 0.92 2.00 0.11 0.68 2.00
image_from_pictures/baidu_230.jpg 0.31 0.34 0.00 0.57 0.26 0.00 0.41 0.60 1.00 0.60 0.79 1.00 0.24 0.69 2.00 0.79 0.67 2.00
image_from_pictures/baidu_231.jpg 0.38 0.23 0.00 0.49 0.46 1.00 0.37 0.62 2.00
image_from_pictures/baidu_232.jpg 0.63 0.21 0.00 0.36 0.62 1.00 0.61 0.89 2.00
image_from_pictures/baidu_235.jpg 0.81 0.21 0.00 0.47 0.59 1.00 0.78 0.75 2.00
image_from_pictures/baidu_244.jpg 0.22 0.36 0.00 0.67 0.38 1.00 0.74 0.29 1.00 0.54 0.56 2.00
image_from_pictures/baidu_25.jpg 0.38 0.18 0.00 0.52 0.55 1.00 0.69 0.51 1.00 0.37 0.88 2.00
image_from_pictures/baidu_256.jpg 0.79 0.21 0.00 0.19 0.49 1.00 0.13 0.48 1.00 0.54 0.57 2.00
image_from_pictures/baidu_265.jpg 0.14 0.20 0.00 0.95 0.92 1.00 0.51 0.66 2.00
image_from_pictures/baidu_266.jpg 0.73 0.23 0.00 0.43 0.51 1.00 0.37 0.48 1.00 0.68 0.63 2.00
image_from_pictures/baidu_27.jpg 0.22 0.42 0.00 0.77 0.12 1.00 0.58 0.60 2.00
image_from_pictures/baidu_270.jpg 0.23 0.16 0.00 0.67 0.68 1.00 0.73 0.57 1.00 0.33 0.84 2.00
image_from_pictures/baidu_280.jpg 0.78 0.43 0.00 0.40 0.50 1.00 0.32 0.49 1.00 0.55 0.65 2.00
image_from_pictures/baidu_294.jpg 0.12 0.61 0.00 0.37 0.37 1.00 0.46 0.65 2.00
image_from_pictures/baidu_300.jpg 0.19 0.83 0.00 0.38 0.52 1.00 0.45 0.76 2.00
image_from_pictures/baidu_305.jpg 0.68 0.53 0.00 0.49 0.68 1.00 0.17 0.65 2.00
image_from_pictures/baidu_306.jpg 0.88 0.20 0.00 0.67 0.58 1.00 0.94 0.77 2.00
image_from_pictures/baidu_307.jpg 0.74 0.59 0.00 0.30 0.64 1.00 0.48 0.74 2.00
image_from_pictures/baidu_31.jpg 0.78 0.34 0.00 0.52 0.39 1.00 0.62 0.71 2.00
image_from_pictures/baidu_311.jpg 0.55 0.29 0.00 0.31 0.64 1.00 0.47 0.65 2.00
image_from_pictures/baidu_313.jpg 0.94 0.27 0.00 0.40 0.51 1.00 0.69 0.67 2.00
image_from_pictures/baidu_325.jpg 0.25 0.65 0.00 0.71 0.55 1.00 0.64 0.86 2.00
image_from_pictures/baidu_333.jpg 0.14 0.58 0.00 0.66 0.52 1.00 0.46 0.54 2.00
image_from_pictures/baidu_35.jpg 0.62 0.80 0.00 0.48 0.70 1.00 0.47 0.83 2.00
image_from_pictures/baidu_358.jpg 0.15 0.26 0.00 0.62 0.52 1.00 0.39 0.82 2.00
image_from_pictures/baidu_36.jpg 0.21 0.62 0.00 0.80 0.49 1.00 0.62 0.87 2.00
image_from_pictures/baidu_365.jpg 0.27 0.31 0.00 0.66 0.41 1.00 0.65 0.28 1.00 0.55 0.60 2.00
image_from_pictures/baidu_37.jpg 0.24 0.67 0.00 0.80 0.63 1.00 0.60 0.86 2.00
image_from_pictures/baidu_38.jpg 0.42 0.49 0.00 0.66 0.49 1.00 0.83 0.40 1.00 0.73 0.40 1.00 0.77 0.11 0.00 0.95 0.37 2.00 0.46 0.79 2.00
image_from_pictures/baidu_380.jpg 0.80 0.20 0.00 0.52 0.61 1.00 0.43 0.56 1.00 0.78 0.68 2.00
image_from_pictures/baidu_383.jpg 0.59 0.52 0.00 0.45 0.42 1.00 0.43 0.58 2.00
image_from_pictures/baidu_4.jpg 0.37 0.34 0.00 0.82 0.52 0.00 0.30 0.64 1.00 0.53 0.60 1.00 0.12 0.59 2.00 0.70 0.78 2.00
image_from_pictures/baidu_409.jpg 0.42 0.23 0.00 0.85 0.96 1.00 0.56 0.88 2.00
image_from_pictures/baidu_420.jpg 0.27 0.54 0.00 0.68 0.46 1.00 0.56 0.65 2.00
image_from_pictures/baidu_44.jpg 0.16 0.60 0.00 0.62 0.42 1.00 0.62 0.36 1.00 0.50 0.64 2.00
image_from_pictures/baidu_46.jpg 0.54 0.32 0.00 0.49 0.61 1.00 0.38 0.58 1.00 0.57 0.69 2.00
image_from_pictures/baidu_56.jpg 0.17 0.63 0.00 0.53 0.48 1.00 0.48 0.73 2.00
image_from_pictures/baidu_66.jpg 0.81 0.30 0.00 0.45 0.45 1.00 0.66 0.72 2.00
image_from_pictures/baidu_75.jpg 0.19 0.55 0.00 0.60 0.49 1.00 0.69 0.46 1.00 0.46 0.69 2.00
image_from_pictures/baidu_79.jpg 0.71 0.20 0.00 0.49 0.48 1.00 0.69 0.50 2.00
image_from_pictures/baidu_8.jpg 0.75 0.45 0.00 0.65 0.40 1.00 0.41 0.60 1.00 0.59 0.64 2.00
image_from_pictures/baidu_81.jpg 0.17 0.20 0.00 0.52 0.65 1.00 0.19 0.83 2.00
image_from_pictures/baidu_83.jpg 0.71 0.19 0.00 0.35 0.41 1.00 0.23 0.42 1.00 0.59 0.52 2.00
image_from_pictures/baidu_888.jpg 0.86 0.54 0.00 0.30 0.27 1.00 0.43 0.80 2.00
image_from_pictures/baidu_889.jpg 0.97 0.13 0.00 0.78 0.42 1.00 0.72 0.39 1.00 0.88 0.47 2.00
image_from_pictures/baidu_890.jpg 0.06 0.42 0.00 0.67 0.37 1.00 0.55 0.71 2.00
image_from_pictures/baidu_898.jpg 0.70 0.29 0.00 0.39 0.59 1.00 0.50 0.40 1.00 0.55 0.64 2.00
image_from_pictures/baidu_9.jpg 0.84 0.51 0.00 0.65 0.37 1.00 0.32 0.59 1.00 0.57 0.75 2.00
image_from_pictures/baidu_90.jpg 0.72 0.35 0.00 0.38 0.24 0.00 0.57 0.56 1.00 0.53 0.51 1.00 0.50 0.90 1.00 0.65 0.61 2.00 0.32 0.87 2.00
image_from_pictures/baidu_905.jpg 0.93 0.33 0.00 0.49 0.51 1.00 0.57 0.51 1.00 0.63 0.96 2.00
image_from_pictures/baidu_907.jpg 0.75 0.28 0.00 0.21 0.45 0.00 0.68 0.90 1.00 0.57 0.57 1.00 0.38 0.86 2.00 0.92 0.82 2.00
image_from_pictures/baidu_908.jpg 0.82 0.38 0.00 0.15 0.41 1.00 0.39 0.54 2.00
image_from_pictures/baidu_910.jpg 0.56 0.42 0.00 0.26 0.62 1.00 0.42 0.77 2.00
image_from_pictures/baidu_913.jpg 0.39 0.43 0.00 0.90 0.55 0.00 0.57 0.63 1.00 0.28 0.81 1.00 0.10 0.66 2.00 0.71 0.80 2.00
image_from_pictures/baidu_915.jpg 0.30 0.37 0.00 0.53 0.51 1.00 0.59 0.49 1.00 0.39 0.63 2.00
image_from_pictures/baidu_916.jpg 0.69 0.58 0.00 0.39 0.45 1.00 0.42 0.80 2.00
image_from_pictures/baidu_917.jpg 0.75 0.38 0.00 0.39 0.40 1.00 0.30 0.39 1.00 0.63 0.75 2.00
image_from_pictures/baidu_919.jpg 0.21 0.23 0.00 0.69 0.42 1.00 0.81 0.41 1.00 0.46 0.48 2.00
image_from_pictures/baidu_920.jpg 0.77 0.59 0.00 0.53 0.60 1.00 0.43 0.56 1.00 0.59 0.66 2.00
image_from_pictures/baidu_923.jpg 0.18 0.30 0.00 0.60 0.38 1.00 0.62 0.30 1.00 0.44 0.55 2.00
image_from_pictures/baidu_925.jpg 0.06 0.26 0.00 0.74 0.27 1.00 0.73 0.14 1.00 0.48 0.62 2.00
image_from_pictures/baidu_93.jpg 0.31 0.23 0.00 0.60 0.44 1.00 0.41 0.80 2.00
image_from_pictures/baidu_934.jpg 0.27 0.16 0.00 0.66 0.53 1.00 0.73 0.48 1.00 0.44 0.45 2.00
image_from_pictures/baidu_946.jpg 0.64 0.23 0.00 0.36 0.63 1.00 0.62 0.62 1.00 0.74 0.85 2.00
image_from_pictures/baidu_95.jpg 0.17 0.56 0.00 0.64 0.42 1.00 0.52 0.72 2.00
image_from_pictures/baidu_950.jpg 0.90 0.29 0.00 0.22 0.16 1.00 0.42 0.76 2.00
image_from_pictures/baidu_953.jpg 0.74 0.39 0.00 0.40 0.42 1.00 0.32 0.37 1.00 0.61 0.73 2.00
image_from_pictures/baidu_959.jpg 0.54 0.40 0.00 0.25 0.62 1.00 0.39 0.74 2.00
image_from_pictures/baidu_979.jpg 0.42 0.33 0.00 0.48 0.46 1.00 0.36 0.52 2.00
image_from_pictures/baidu_99.jpg 0.74 0.49 0.00 0.27 0.34 1.00 0.40 0.64 2.00
image_from_pictures/baidu_994.jpg 0.16 0.24 0.00 0.44 0.52 1.00 0.30 0.95 2.00
